name: gymenv
channels:
  - defaults
dependencies:
  - blas=1.0=mkl
  - bzip2=1.0.8=h2bbff1b_6
  - ca-certificates=2025.9.9=haa95532_0
  - cloudpickle=3.1.1=py311haa95532_0
  - expat=2.7.1=h8ddb27b_0
  - farama-notifications=0.0.4=py311haa95532_0
  - gymnasium=0.28.1=py311haa95532_1
  - intel-openmp=2025.0.0=haa95532_1164
  - jax-jumpy=1.0.0=py311haa95532_0
  - libffi=3.4.4=hd77b12b_1
  - libzlib=1.3.1=h02ab6af_0
  - mkl=2025.0.0=h5da7b33_930
  - mkl-service=2.5.2=py311h0b37514_0
  - mkl_fft=1.3.11=py311h5810407_1
  - mkl_random=1.2.8=py311h8683371_1
  - numpy=1.26.4=py311h12f7302_1
  - numpy-base=1.26.4=py311he4e2855_1
  - openssl=3.0.18=h543e019_0
  - pcre2=10.46=h5740b90_0
  - pip=25.2=pyhc872135_1
  - python=3.11.13=h981015d_0
  - setuptools=80.9.0=py311haa95532_0
  - sqlite=3.50.2=hda9a48d_1
  - swig=4.3.1=h23a355e_1
  - tbb=2022.0.0=h214f63a_0
  - tbb-devel=2022.0.0=h214f63a_0
  - tk=8.6.15=hf199647_0
  - typing-extensions=4.15.0=py311haa95532_0
  - typing_extensions=4.15.0=py311haa95532_0
  - tzdata=2025b=h04d1e81_0
  - ucrt=10.0.22621.0=haa95532_0
  - vc=14.3=h2df5915_10
  - vc14_runtime=14.44.35208=h4927774_10
  - vs2015_runtime=14.44.35208=ha6b5a95_10
  - wheel=0.45.1=py311haa95532_0
  - xz=5.6.4=h4754444_1
  - zlib=1.3.1=h02ab6af_0
prefix: C:\Users\Daniel\.anaconda\envs\gymenv
